0.7999986515494467,0.001588873594569949,False
0.8000018696568186,0.001589408148414996,False
0.8000002606031327,0.0015897288807220243,False
0.8000018696568186,0.0015909048991811277,False
0.8000002606031327,0.001590691077643109,False
0.8000002606031327,0.001591653274564194,False
0.8000002606031327,0.0015910118099501376,False
0.8000002606031327,0.0015922947391782505,False
0.8000002606031327,0.0015925085607162693,False
0.8000018696568186,0.0015930431145613167,False
0.7999986515494467,0.0015932569360993356,False
0.8000018696568186,0.0015941122222514108,False
0.8000002606031327,0.0015943260437894296,False
0.8000002606031327,0.0015948605976344767,False
0.8000002606031327,0.001593898400713392,False
0.8000018696568186,0.001593898400713392,False
0.8000002606031327,0.0015944329545584386,False
0.8000002606031327,0.0015944463184045647,False
0.8000002606031327,0.0015950877830186215,False
0.8000018696568186,0.0015947536868654673,False
0.8000002606031327,0.0015955154260946592,False
0.7999986515494467,0.0015963573484006083,False
0.8000018696568186,0.0015963707122467344,False
0.7999986515494467,0.0015963707122467344,False
0.8000018696568186,0.0015969988130146648,False
0.8000002606031327,0.0015971057237836746,False
0.8000018696568186,0.0015976402776287212,False
0.8000002606031327,0.0015975333668597123,False
0.8000002606031327,0.001597974373781876,False
0.8000002606031327,0.0015988296599339512,False
0.8000002606031327,0.0015992573030099888,False
0.8000002606031327,0.0015974264560907024,False
0.8000018696568186,0.001597974373781876,False
0.8000002606031327,0.0015983886530117875,False
0.8000002606031327,0.0015984955637807965,False
0.8000002606031327,0.0015986158383959324,False
0.8000002606031327,0.0015991503922409799,False
0.8000002606031327,0.0015992439391638628,False
0.8000018696568186,0.001599564671470891,False
0.7999986515494467,0.0015992439391638628,False
0.8000018696568186,0.0015998987676240453,False
0.8000002606031327,0.001600112589162064,False
0.8000002606031327,0.0016007406899299944,False
0.8000002606031327,0.0016005268683919756,False
0.8000018696568186,0.0016013821545440513,False
0.7999986515494467,0.0016015024291591868,False
0.8000018696568186,0.0016020369830042338,False
0.8000002606031327,0.0016011816968521586,False
0.8000018696568186,0.001601288607621168,False
0.7999986515494467,0.0016013955183901774,False
0.8000002606031327,0.0016020369830042338,False
0.8000018696568186,0.0016026784476182903,False
0.8000002606031327,0.0016027853583872997,False
0.8000018696568186,0.0016035337337703655,False
0.7999986515494467,0.0016036406445393754,False
0.8000002606031327,0.0016037341914622583,False
0.8000018696568186,0.0016034268230013565,False
0.7999986515494467,0.0016039613768464031,False
0.8000018696568186,0.0016042821091534318,False
0.8000002606031327,0.0016047097522294694,False
0.8000002606031327,0.0016044959306914506,False
0.8000018696568186,0.0016048166629984784,False
0.8000002606031327,0.001605137395305507,False
0.8000002606031327,0.0016057788599195635,False
0.8000002606031327,0.0016033199122323467,False
0.8000002606031327,0.0016042821091534318,False
0.8000002606031327,0.0016038544660773942,False
0.8000018696568186,0.0016042821091534318,False
0.7999986515494467,0.0016042821091534318,False
0.8000018696568186,0.0016050304845364972,False
0.8000002606031327,0.0016047097522294694,False
0.8000002606031327,0.0016054581276125353,False
0.8000002606031327,0.001605137395305507,False
0.8000018696568186,0.0016054581276125353,False
0.8000002606031327,0.001605137395305507,False
0.8000002606031327,0.00160642032453362,False
0.8000002606031327,0.0016062065029956011,False
0.8000018696568186,0.0016068479676096576,False
0.7999986515494467,0.001606954878378667,False
0.8000002606031327,0.0016072756106856952,False
0.8000018696568186,0.0016067410568406481,False
0.8000002606031327,0.0016067410568406481,False
0.8000002606031327,0.0016073825214547046,False
0.8000018696568186,0.0016073825214547046,False
0.7999986515494467,0.0016078101645307426,False
0.8000018696568186,0.0016080239860687615,False
0.7999986515494467,0.0016083447183757897,False
0.8000002606031327,0.0016087723614518273,False
0.8000034787105046,0.0016088792722208367,False
0.7999986515494467,0.0016082378076067803,False
0.8000018696568186,0.001609200004527865,False
0.7999986515494467,0.001609200004527865,False
0.8000002606031327,0.00161016220144895,False
0.8000018696568186,0.0016096276476039026,False
0.8000002606031327,0.0016104829337559778,False
0.8000002606031327,0.0016103760229869688,False
0.8000018696568186,0.001611338219908053,False
0.7999986515494467,0.0016093069152968743,False
0.8000018696568186,0.0016099483799109312,False
0.8000002606031327,0.0016104829337559778,False
0.8000002606031327,0.0016105898445249876,False
0.8000018696568186,0.0016103760229869688,False
0.7999986515494467,0.0016111243983700342,False
0.8000002606031327,0.001611231309139044,False
0.8000018696568186,0.0016118727737531005,False
0.8000002606031327,0.0016116589522150817,False
0.8000002606031327,0.0016116589522150817,False
0.8000002606031327,0.0016120865952911193,False
0.8000018696568186,0.0016121935060601287,False
0.7999986515494467,0.0016124073275981476,False
0.8000018696568186,0.001612514238367157,False
0.8000018696568186,0.0016124073275981476,False
0.7999986515494467,0.0016136902568262604,False
0.8000002606031327,0.0016127280599051758,False
0.8000018696568186,0.0016126211491361664,False
0.8000002606031327,0.001613048792212204,False
0.8000002606031327,0.001613048792212204,False
0.8000002606031327,0.0016132626137502228,False
0.8000002606031327,0.0016132626137502228,False
0.8000018696568186,0.0016136902568262604,False
0.8000002606031327,0.0016139040783642792,False
0.7999986515494467,0.0016143317214403169,False
0.8000018696568186,0.0016136902568262604,False
0.8000002606031327,0.001614117899902298,False
0.8000002606031327,0.0016137971675952698,False
0.8000002606031327,0.0016144386322093267,False
0.8000018696568186,0.001614117899902298,False
0.8000002606031327,0.001615400829130411,False
0.8000002606031327,0.001615400829130411,False
0.8000002606031327,0.0016155077398994208,False
0.8000002606031327,0.001613048792212204,False
0.8000002606031327,0.0016139040783642792,False
0.8000018696568186,0.0016129418814431946,False
0.8000002606031327,0.0016139040783642792,False
0.8000002606031327,0.0016136902568262604,False
0.8000002606031327,0.0016143317214403169,False
0.8000002606031327,0.001614224810671308,False
0.8000002606031327,0.0016144386322093267,False
0.8000018696568186,0.0016146524537473455,False
0.8000002606031327,0.0016145455429783357,False
0.8000018696568186,0.0016148662752853643,False
0.7999986515494467,0.0016157215614374396,False
0.8000002606031327,0.0016159353829754584,False
0.8000002606031327,0.001616256115282487,False
0.8000018696568186,0.001616256115282487,False
0.8000002606031327,0.001616256115282487,False
0.8000002606031327,0.001616256115282487,False
0.8000002606031327,0.0016161492045134772,False
0.8000018696568186,0.0016164699368205059,False
0.7999986515494467,0.0016160422937444674,False
0.8000018696568186,0.0016167906691275337,False
0.8000002606031327,0.0016165768475895148,False
0.8000002606031327,0.0016172183122035713,False
0.8000002606031327,0.0016170044906655525,False
0.8000018696568186,0.0016171114014345623,False
0.8000002606031327,0.0016172183122035713,False
0.8000002606031327,0.0016172183122035713,False
0.8000002606031327,0.001617645955279609,False
0.8000002606031327,0.0016181805091246564,False
0.8000002606031327,0.0016180735983556465,False
0.8000002606031327,0.0016183943306626752,False
0.8000018696568186,0.001618608152200694,False
0.8000002606031327,0.0016183943306626752,False
0.8000002606031327,0.0016172183122035713,False
0.8000018696568186,0.0016177528660486187,False
0.7999986515494467,0.0016182874198936658,False
0.8000002606031327,0.0016181805091246564,False
0.8000018696568186,0.0016177528660486187,False
0.8000002606031327,0.0016189288845077222,False
0.8000002606031327,0.0016190357952767316,False
0.8000002606031327,0.0016197841706597975,False
0.8000002606031327,0.0016190357952767316,False
0.8000018696568186,0.0016193565275837598,False
0.8000002606031327,0.0016189288845077222,False
0.8000002606031327,0.0016197841706597975,False
0.8000002606031327,0.0016195703491217787,False
0.8000002606031327,0.0016199979921978163,False
0.8000018696568186,0.0016203187245048445,False
0.8000002606031327,0.0016207463675808826,False
0.7999986515494467,0.0016203187245048445,False
0.8000018696568186,0.0016198910814288069,False
0.8000002606031327,0.001620211813735835,False
0.8000002606031327,0.0016206394568118727,False
0.8000002606031327,0.0016207463675808826,False
0.8000002606031327,0.0016208532783498915,False
0.7999487708851812,0.006626642668755067,False
0.8000018696568186,0.018115501091891452,False
0.8000002606031327,0.018117011206503712,False
0.8000018696568186,0.018118721778807863,False
0.8000002606031327,0.0181191494218839,False
0.8000002606031327,0.018125991711100502,False
0.7999986515494467,0.018131657981858,False
0.8000018696568186,0.01812118072649508,False
0.8000002606031327,0.01812299820956824,False
0.8000018696568186,0.018132834000317108,False
0.7999986515494467,0.018098716101156972,False
0.8000018696568186,0.01810033312653824,False
0.8000002606031327,0.018100119305000224,False
0.8000002606031327,0.0181021506096114,False
0.8000018696568186,0.018101188412690317,False
0.7999986515494467,0.018106961594216826,False
0.8000002606031327,0.018137217341846493,False
0.8000018696568186,0.018129733588015833,False
0.8000002606031327,0.018101829877304375,False
0.8000002606031327,0.018103005895763476,False
0.8000002606031327,0.018104716468067626,False
0.8000002606031327,0.01812246365572319,False
0.8000002606031327,0.01812641935417654,False
0.8000002606031327,0.018117652671117767,False
0.8000018696568186,0.01811166566805324,False
0.7999986515494467,0.018094453034242723,False
0.8000018696568186,0.018094666855780744,False
0.8000018696568186,0.0180953083203948,False
0.7999986515494467,0.018094346123473715,False
0.8000018696568186,0.018095735963470836,False
0.7999986515494467,0.018096163606546874,False
0.8000018696568186,0.018095949785008857,False
0.8000018696568186,0.01809701889269895,False
0.7999986515494467,0.018096805071160932,False
0.8000018696568186,0.0180953083203948,False
0.8000002606031327,0.018097339625005978,False
0.7999986515494467,0.018096898618083813,False
0.8000018696568186,0.01809894328654112,False
0.8000002606031327,0.018098515643465082,False
0.8000002606031327,0.018098088000389045,False
0.8000018696568186,0.018100226215769233,False
0.8000002606031327,0.01809894328654112,False
0.8000018696568186,0.018134330751083238,False
0.7999986515494467,0.01814352507721805,False
0.8000002606031327,0.018145128738753187,False
0.8000002606031327,0.018110382738825127,False
0.8000002606031327,0.01811155875728423,False
0.8000018696568186,0.018111131114208194,False
0.8000002606031327,0.01811155875728423,False
0.8000002606031327,0.01811187948959126,False
0.8000018696568186,0.018125777889562482,False
0.7999986515494467,0.018145128738753187,False
0.8000018696568186,0.018132834000317108,False
0.8000002606031327,0.018114231526509466,False
0.8000002606031327,0.018112841686512345,False
0.8000018696568186,0.018112948597281353,False
0.7999986515494467,0.018129519766477815,False
0.8000002606031327,0.01813593441261838,False
0.8000018696568186,0.018131657981858,False
0.7999986515494467,0.01812652626494555,False
0.8000018696568186,0.018123853495720314,False
0.8000002606031327,0.01811540754496857,False
0.8000018696568186,0.018110917292670177,False
0.8000002606031327,0.018110917292670177,False
0.8000002606031327,0.018112841686512345,False
0.7999986515494467,0.018114124615740457,False
0.8000018696568186,0.018118401046500834,False
0.8000002606031327,0.01811722502804173,False
0.8000002606031327,0.0181100620065181,False
0.8000018696568186,0.01811380388343343,False
0.8000002606031327,0.018113910794202437,False
0.8000002606031327,0.018115942098813616,False
0.8000002606031327,0.018119897797266964,False
0.8000002606031327,0.0181100620065181,False
0.8000002606031327,0.01812118072649508,False
0.8000018696568186,0.018113910794202437,False
0.8000002606031327,0.01811893560034588,False
0.8000002606031327,0.018118187224962813,False
0.8000002606031327,0.018126633175714557,False
0.8000002606031327,0.018151984391815916,False
0.8000002606031327,0.018151556748739882,False
0.8000002606031327,0.018136362055694417,False
0.8000018696568186,0.018118614868038854,False
0.8000002606031327,0.018118614868038854,False
0.8000018696568186,0.018118507957269842,False
0.8000002606031327,0.018119790886497955,False
0.7999986515494467,0.018120325440343005,False
0.8000018696568186,0.018148549883361488,False
0.7999986515494467,0.018153147046428897,False
0.8000002606031327,0.018123639674182297,False
0.8000018696568186,0.01812128763726409,False
0.8000002606031327,0.01811893560034588,False
0.8000018696568186,0.018125991711100502,False
0.7999986515494467,0.018144166541832103,False
0.8000002606031327,0.018141921415682907,False
0.8000018696568186,0.0181339031080072,False
0.8000002606031327,0.01813443766185225,False
0.8000018696568186,0.0181304819633989,False
0.7999986515494467,0.018124815692641398,False
0.8000002606031327,0.01813037505262989,False
0.8000018696568186,0.018128023015711682,False
0.8000002606031327,0.018128343748018708,False
0.8000002606031327,0.018131978714165033,False
0.8000002606031327,0.018130588874167908,False
0.8000002606031327,0.018130802695705925,False
0.8000034787105046,0.018128343748018708,False
0.7999986515494467,0.018129412855708807,False
0.7999986515494467,0.018125029514179415,False
0.8000018696568186,0.018123425852644277,False
0.8000018696568186,0.018123425852644277,False
0.7999986515494467,0.018125991711100502,False
0.8000018696568186,0.018124922603410407,False
0.8000002606031327,0.018123853495720314,False
0.8000018696568186,0.018127381551097624,False
0.8000002606031327,0.018127060818790598,False
0.7999986515494467,0.018150901920279697,False
0.8000018696568186,0.018156581554883325,False
0.7999986515494467,0.018145449471060216,False
0.8000018696568186,0.018125029514179415,False
0.8000002606031327,0.018123746584951306,False
0.8000002606031327,0.01812406731725833,False
0.8000018696568186,0.018123425852644277,False
0.8000002606031327,0.018125670978793473,False
0.7999986515494467,0.018129626677246824,False
0.8000018696568186,0.018158492584879365,False
0.8000002606031327,0.018159361234877568,False
0.8000018696568186,0.018124922603410407,False
0.8000002606031327,0.018126205532638523,False
0.7999986515494467,0.018125564068024465,False
0.8000034787105046,0.01812631244340753,False
0.7999986515494467,0.018148122240285454,False
0.8000002606031327,0.018149191347975546,False
0.8000018696568186,0.01814117304029984,False
0.7999986515494467,0.018140210843378756,False
0.8000018696568186,0.018140317754147765,False
0.8000002606031327,0.01813946246799569,False
0.8000002606031327,0.018140317754147765,False
0.8000018696568186,0.01814106612953083,False
0.7999986515494467,0.018141400225683987,False
0.8000002606031327,0.018140424664916777,False
0.8000018696568186,0.018142135237220927,False
0.7999986515494467,0.018142028326451915,False
0.8000034787105046,0.018140959218761823,False
0.7999986515494467,0.018138286449536585,False
0.8000002606031327,0.018140531575685785,False
0.8000018696568186,0.018142028326451915,False
0.8000002606031327,0.018141921415682907,False
0.8000002606031327,0.018142669791065973,False
0.8000002606031327,0.01813775189569154,False
0.8000002606031327,0.018140317754147765,False
0.8000018696568186,0.01814256288029696,False
0.8000002606031327,0.01814288361260399,False
0.7999986515494467,0.018142242147989936,False
0.8000018696568186,0.018143631987987057,False
0.8000002606031327,0.018155071440271064,False
0.8000018696568186,0.018163637665637944,False
0.7999954334420748,0.01817764297637818,False
0.8000050877641907,0.018127702283404656,False
0.7999986515494467,0.018130161231091874,False
0.8000018696568186,0.01812994740955385,False
0.8000002606031327,0.01812994740955385,False
0.8000002606031327,0.018129519766477815,False
0.8000002606031327,0.018129626677246824,False
0.8000018696568186,0.01814459418490814,False
0.8000002606031327,0.01816299620102389,False
0.8000002606031327,0.018153147046428897,False
0.8000018696568186,0.01812994740955385,False
0.7999986515494467,0.01813101651724395,False
0.8000018696568186,0.01813229944647206,False
0.8000002606031327,0.01813572059108036,False
0.8000002606031327,0.01815239867104583,False
0.8000018696568186,0.018153147046428897,False
0.7999986515494467,0.018145449471060216,False
0.8000018696568186,0.018143952720294086,False
0.8000002606031327,0.018144059631063095,False
0.7999986515494467,0.018144714459523276,False
0.8000018696568186,0.018145663292598237,False
0.8000002606031327,0.01814256288029696,False
0.8000018696568186,0.01814673240028833,False
0.8000002606031327,0.018143952720294086,False
0.8000002606031327,0.018146411667981303,False
0.8000002606031327,0.018146197846443283,False
0.8000002606031327,0.018146852674903464,False
0.8000002606031327,0.018144487274139132,False
0.8000002606031327,0.01814630475721229,False
0.8000002606031327,0.01814662548951932,False
0.8000002606031327,0.01814653194259644,False
0.8000018696568186,0.018146518578750312,False
0.8000002606031327,0.018145770203367245,False
0.8000002606031327,0.01814781487182455,False
0.8000002606031327,0.018146518578750312,False
0.8000002606031327,0.018145342560291208,False
0.8000018696568186,0.01814502182798418,False
0.8000002606031327,0.01815539217257809,False
0.8000002606031327,0.018165976338710026,False
0.8000018696568186,0.018165989702556153,False
0.7999986515494467,0.01813176489262701,False
0.8000018696568186,0.018133154732624134,False
0.7999986515494467,0.018131657981858,False
0.8000002606031327,0.018133582375700175,False
0.8000018696568186,0.018131871803396024,False
0.8000002606031327,0.0181339031080072,False
0.8000002606031327,0.01816449295179002,False
0.8000002606031327,0.01816834173947436,False
0.8000018696568186,0.018138927914150643,False
0.8000002606031327,0.018134116929545217,False
0.8000002606031327,0.018134972215697293,False
0.8000002606031327,0.01813443766185225,False
0.8000002606031327,0.018151329563355738,False
0.8000002606031327,0.01815581981565413,False
0.8000002606031327,0.018151877481046907,False
0.8000034787105046,0.01814833606182347,False
0.7999986515494467,0.018143845809525078,False
0.8000018696568186,0.018134116929545217,False
0.7999986515494467,0.018142242147989936,False
0.8000002606031327,0.01813946246799569,False
0.8000018696568186,0.01814085230799281,False
0.7999986515494467,0.018143845809525078,False
0.8000018696568186,0.018135399858773334,False
0.8000002606031327,0.018142135237220927,False
0.8000002606031327,0.018142455969527953,False
0.8000018696568186,0.01814256288029696,False
0.8000002606031327,0.01813796571722956,False
0.8000002606031327,0.01813379619723819,False
0.8000002606031327,0.01814352507721805,False
0.8000002606031327,0.018135079126466305,False
0.8000018696568186,0.018141600683375878,False
0.8000002606031327,0.018144487274139132,False
0.8000002606031327,0.018135506769542342,False
0.8000002606031327,0.01814480800644616,False
0.8000002606031327,0.018137003520308476,False
0.8000002606031327,0.018135506769542342,False
0.8000002606031327,0.01814256288029696,False
0.8000002606031327,0.018170052311778512,False
0.8000018696568186,0.01817057350177743,False
0.8000002606031327,0.018162448283332716,False
0.8000002606031327,0.01813604132338739,False
0.8000018696568186,0.01813593441261838,False
0.8000002606031327,0.018136682788001443,False
0.7999986515494467,0.01813561368031135,False
0.8000018696568186,0.018138393360305594,False
0.8000002606031327,0.018137003520308476,False
0.8000018696568186,0.01817026613331653,False
0.8000002606031327,0.018169076751011298,False
0.7999986515494467,0.018142135237220927,False
0.8000018696568186,0.01813743116338451,False
0.7999986515494467,0.018138072627998568,False
0.8000018696568186,0.018136789698770455,False
0.8000002606031327,0.01815785112026531,False
0.8000002606031327,0.018158078305649458,False
0.8000018696568186,0.018155712904885123,False
0.8000002606031327,0.018151436474124746,False
0.8000002606031327,0.018149939723358613,False
0.8000002606031327,0.018147694597209413,False
0.8000018696568186,0.018145449471060216,False
0.7999986515494467,0.018146197846443283,False
0.8000002606031327,0.01814288361260399,False
0.8000002606031327,0.018143631987987057,False
0.8000018696568186,0.01814309743414201,False
0.7999986515494467,0.01814662548951932,False
0.8000018696568186,0.018149191347975546,False
0.8000002606031327,0.018144273452601112,False
0.8000002606031327,0.018143738898756066,False
0.8000018696568186,0.018148870615668517,False
0.8000002606031327,0.018151757206431772,False
0.8000002606031327,0.01814726695413338,False
0.8000018696568186,0.01814085230799281,False
0.7999986515494467,0.01814844297259248,False
0.8000002606031327,0.018144380363370124,False
0.8000018696568186,0.018147160043364367,False
0.8000018696568186,0.018149084437206538,False
0.8000002606031327,0.01815186411720078,False
0.8000002606031327,0.018172083616389688,False
0.7999986515494467,0.01817217716331257,False
0.8000018696568186,0.018164586498712904,False
0.8000002606031327,0.018138927914150643,False
0.8000018696568186,0.018139997021840736,False
0.7999986515494467,0.018138821003381635,False
0.8000002606031327,0.018138927914150643,False
0.8000018696568186,0.018148015329516442,False
0.8000002606031327,0.018172818627926628,False
0.7999986515494467,0.01816983849024049,False
0.8000018696568186,0.018139248646457672,False
0.8000018696568186,0.018138607181843614,False
0.8000002606031327,0.018140959218761823,False
0.8000002606031327,0.018142455969527953,False
0.8000002606031327,0.01816105844333559,False
0.8000002606031327,0.018161927093333793,False
0.8000018696568186,0.018155712904885123,False
0.7999986515494467,0.01815368160027394,False
0.8000018696568186,0.018154429975657006,False
0.7999986515494467,0.018155605994116114,False
0.8000018696568186,0.01815592672642314,False
0.8000018696568186,0.01815464379719503,False
0.7999986515494467,0.01815465716104115,False
0.8000002606031327,0.01815197102796979,False
0.8000002606031327,0.018151329563355738,False
0.8000002606031327,0.018151650295662763,False
0.8000002606031327,0.01815581981565413,False
0.8000018696568186,0.018153467778735922,False
0.8000018696568186,0.018154536886426015,False
0.8000002606031327,0.018153467778735922,False
0.7999986515494467,0.018151115741817714,False
0.8000018696568186,0.018151329563355738,False
0.7999986515494467,0.018156888923344223,False
0.8000018696568186,0.0181520779387388,False
0.8000002606031327,0.018151115741817714,False
0.8000002606031327,0.01815015354489663,False
0.8000018696568186,0.01815186411720078,False
0.7999986515494467,0.018154536886426015,False
0.8000018696568186,0.018167580000245168,False
0.8000018696568186,0.01817539785022898,False
0.7999986515494467,0.018185982016360916,False
0.8000018696568186,0.01814106612953083,False
0.8000002606031327,0.01814085230799281,False
0.7999986515494467,0.018142669791065973,False
0.8000018696568186,0.018141707594144886,False
0.8000018696568186,0.01814117304029984,False
0.7999986515494467,0.01814288361260399,False
0.8000002606031327,0.018159240960262432,False
0.8000002606031327,0.018175170664844836,False
0.8000018696568186,0.01815827876334135,False
0.8000002606031327,0.018143631987987057,False
0.8000002606031327,0.018143845809525078,False
0.8000018696568186,0.01815421615411899,False
0.7999986515494467,0.01816480032025092,False
0.8000018696568186,0.018160630800259557,False
0.8000002606031327,0.01815624745873017,False
0.8000002606031327,0.01815945478180045,False
0.8000018696568186,0.018166617803324084,False
0.7999986515494467,0.018166297071017055,False
0.8000002606031327,0.018166617803324084,False
0.8000002606031327,0.018168007643321205,False
0.8000002606031327,0.018168021007167332,False
0.8000018696568186,0.018166724714093092,False
0.7999986515494467,0.01816267546871686,False
0.8000018696568186,0.01816544178486498,False
0.8000018696568186,0.018166403981786063,False
0.7999986515494467,0.018163624301791817,False
0.8000002606031327,0.018166083249479034,False
0.8000018696568186,0.018168221464859222,False
0.8000002606031327,0.018168435286397243,False
0.8000018696568186,0.018157209655651256,False
0.8000002606031327,0.018162127551025687,False
0.7999986515494467,0.01816747308947616,False
0.8000018696568186,0.018167366178707147,False
0.8000002606031327,0.01816373121256083,False
0.8000002606031327,0.018164479587943892,False
0.8000002606031327,0.018178698720222146,False
0.7999986515494467,0.01817881899483728,False
0.8000034787105046,0.018155178351040073,False
0.8000002606031327,0.018143952720294086,False
0.8000002606031327,0.018144166541832103,False
0.8000002606031327,0.018144380363370124,False
0.8000002606031327,0.018144059631063095,False
0.8000018696568186,0.018145128738753187,False
0.8000002606031327,0.018171108055622477,False
0.8000002606031327,0.018175705218689883,False
0.8000018696568186,0.01814491491721517,False
0.7999986515494467,0.018144487274139132,False
0.8000002606031327,0.018146518578750312,False
0.8000018696568186,0.018155712904885123,False
0.7999986515494467,0.018168114554090214,False
0.8000034787105046,0.018164051944867858,False
0.7999986515494467,0.018157102744882244,False
0.8000002606031327,0.018158492584879365,False
0.8000018696568186,0.01816918366178031,False
0.8000002606031327,0.018169397483318327,False
0.7999986515494467,0.018168435286397243,False
0.8000034787105046,0.018169825126394364,False
0.7999986515494467,0.018169290572549318,False
0.8000018696568186,0.018168114554090214,False
0.7999986515494467,0.018170038947932385,False
0.8000002606031327,0.018169718215625356,False
0.8000018696568186,0.018171228330237613,False
0.8000002606031327,0.01816875601870427,False
0.8000002606031327,0.01817133524100662,False
0.8000018696568186,0.018169397483318327,False
0.7999986515494467,0.018170907597930587,False
0.8000018696568186,0.018169410847164454,False
0.8000002606031327,0.018171214966391486,False
0.8000002606031327,0.018171014508699596,False
0.8000002606031327,0.01816983849024049,False
0.8000018696568186,0.018169611304856344,False
0.8000002606031327,0.018171121419468604,False
0.8000002606031327,0.01817154906254464,False
0.8000002606031327,0.018178605173299264,False
0.8000002606031327,0.018179781191758365,False
0.8000002606031327,0.018180422656372423,False
0.8000002606031327,0.0181724978956196,False
0.8000018696568186,0.018167593364091295,False
0.7999986515494467,0.01816823482870535,False
0.8000034787105046,0.018168007643321205,False
0.7999986515494467,0.018180529567141432,False
0.8000002606031327,0.018181919407138557,False
0.8000002606031327,0.018179888102527374,False
0.8000018696568186,0.01818074338867945,False
0.8000002606031327,0.018179781191758365,False
0.8000034787105046,0.017453536337877378,False
0.8000002606031327,0.017358372389612867,False
0.8000018696568186,0.017359334586533957,False
0.7999986515494467,0.017359227675764942,False
0.8000002606031327,0.017359013854226925,False
0.8000018696568186,0.017359869140379,False
0.8000002606031327,0.017359548408071974,False
0.8000002606031327,0.01736040369422405,False
0.8000002606031327,0.0173586931219199,False
0.8000002606031327,0.017359334586533957,False
0.8000002606031327,0.017360510604993058,False
0.8000018696568186,0.017359227675764942,False
0.8000002606031327,0.01735997605114801,False
0.8000002606031327,0.017358906943457916,False
0.7999986515494467,0.017360617515762067,False
0.8000034787105046,0.017358906943457916,False
0.7999986515494467,0.01736040369422405,False
0.8000002606031327,0.01735976222960999,False
0.8000002606031327,0.017359227675764942,False
0.8000018696568186,0.017359013854226925,False
0.7999986515494467,0.017360510604993058,False
0.8000018696568186,0.01735997605114801,False
0.8000002606031327,0.01736029678345504,False
0.8000018696568186,0.01736200735575919,False
0.7999986515494467,0.017359869140379,False
0.8000002606031327,0.01736040369422405,False
0.8000018696568186,0.017358906943457916,False
0.8000002606031327,0.017360938248069096,False
0.8000002606031327,0.017359869140379,False
0.8000018696568186,0.017361472801914142,False
0.8000002606031327,0.01735976222960999,False
0.8000002606031327,0.01736179353422117,False
0.8000002606031327,0.01736157971268315,False
0.8000002606031327,0.017361258980376125,False
0.8000002606031327,0.017361045158838108,False
0.8000018696568186,0.017360617515762067,False
0.8000018696568186,0.017362328088066217,False
0.8000002606031327,0.017360724426531075,False
0.7999986515494467,0.017362328088066217,False
0.8000018696568186,0.01735997605114801,False
0.7999986515494467,0.01736222117729721,False
0.8000018696568186,0.017359334586533957,False
0.8000002606031327,0.017362328088066217,False
0.8000002606031327,0.017362648820373246,False
0.8000002606031327,0.01736029678345504,False
0.8000002606031327,0.017361152069607116,False
0.8000002606031327,0.017361258980376125,False
0.8000018696568186,0.01736179353422117,False
0.8000002606031327,0.017360510604993058,False
0.8000002606031327,0.017362541909604234,False
0.8000002606031327,0.017361258980376125,False
0.8000002606031327,0.017360831337300084,False
0.8000018696568186,0.017363076463449284,False
0.8000002606031327,0.017361045158838108,False
0.7999986515494467,0.0173621142665282,False
0.8000018696568186,0.0173621142665282,False
0.8000018696568186,0.017361258980376125,False
0.8000002606031327,0.01736275573114226,False
0.7999986515494467,0.017362648820373246,False
0.8000002606031327,0.017361152069607116,False
0.8000018696568186,0.0173621142665282,False
0.8000002606031327,0.017363183374218293,False
0.8000002606031327,0.017361152069607116,False
0.8000018696568186,0.01736157971268315,False
0.8000002606031327,0.017362541909604234,False
0.8000002606031327,0.017362862641911267,False
0.8000002606031327,0.017361472801914142,False
0.8000018696568186,0.01736157971268315,False
0.8000002606031327,0.017362328088066217,False
0.8000002606031327,0.017362969552680275,False
0.7999986515494467,0.01736393174960136,False
0.8000018696568186,0.017361900444990183,False
0.8000002606031327,0.017361258980376125,False
0.8000018696568186,0.017363183374218293,False
0.7999986515494467,0.01736350410652532,False
0.8000002606031327,0.01736179353422117,False
0.8000034787105046,0.017362648820373246,False
0.7999986515494467,0.017362862641911267,False
0.8000002606031327,0.017362328088066217,False
0.8000018696568186,0.01736393174960136,False
0.8000002606031327,0.017362541909604234,False
0.8000002606031327,0.017362969552680275,False
0.7999986515494467,0.017362969552680275,False
0.8000018696568186,0.017361472801914142,False
0.8000002606031327,0.017362969552680275,False
0.7999986515494467,0.01736350410652532,False
0.8000034787105046,0.01736275573114226,False
0.8000002606031327,0.017362862641911267,False
0.7999986515494467,0.017365107768060464,False
0.8000018696568186,0.01736275573114226,False
0.8000002606031327,0.01736275573114226,False
0.8000002606031327,0.01736350410652532,False
0.8000002606031327,0.017363183374218293,False
0.8000002606031327,0.017363611017294334,False
0.8000034787105046,0.017362434998835226,False
0.7999986515494467,0.017363611017294334,False
0.7999986515494467,0.017363183374218293,False
0.8000018696568186,0.017363397195756313,False
0.8000002606031327,0.017364145571139376,False
0.8000002606031327,0.01736275573114226,False
0.8000018696568186,0.01736382483883235,False
0.8000002606031327,0.017363717928063342,False
0.8000002606031327,0.017363611017294334,False
0.8000002606031327,0.017362969552680275,False
0.8000002606031327,0.017363717928063342,False
0.8000002606031327,0.017364359392677397,False
0.8000018696568186,0.017362434998835226,False
0.7999986515494467,0.01736393174960136,False
0.8000018696568186,0.01736446630344641,False
0.8000002606031327,0.0173632902849873,False
0.8000002606031327,0.017363183374218293,False
0.8000018696568186,0.017363717928063342,False
0.8000002606031327,0.01736350410652532,False
0.8000018696568186,0.017363717928063342,False
0.7999986515494467,0.01736382483883235,False
0.8000018696568186,0.017364359392677397,False
0.8000002606031327,0.017365107768060464,False
0.7999986515494467,0.017364680124984426,False
0.8000002606031327,0.017365214678829472,False
0.8000018696568186,0.017363183374218293,False
0.8000002606031327,0.01736446630344641,False
0.8000018696568186,0.01736275573114226,False
0.7999986515494467,0.017365107768060464,False
0.8000034787105046,0.017364680124984426,False
0.7999986515494467,0.017363717928063342,False
0.8000002606031327,0.017365214678829472,False
0.8000002606031327,0.017363717928063342,False
0.8000018696568186,0.01736446630344641,False
0.7999986515494467,0.017364787035753435,False
0.8000018696568186,0.017365321589598484,False
0.8000002606031327,0.01736446630344641,False
0.8000018696568186,0.01736446630344641,False
0.8000002606031327,0.017365107768060464,False
0.7999986515494467,0.017364145571139376,False
0.8000002606031327,0.017364359392677397,False
0.8000002606031327,0.017366390697288576,False
0.8000018696568186,0.017363717928063342,False
0.8000002606031327,0.017364038660370368,False
0.8000002606031327,0.017365428500367493,False
0.8000018696568186,0.01736574923267452,False
0.7999986515494467,0.01736585614344353,False
0.8000002606031327,0.017365214678829472,False
0.8000018696568186,0.01736382483883235,False
0.800051750321084,0.002871375179606948,False
0.8000002606031327,0.0011558716162356733,False
0.8000002606031327,0.0011536264900864754,False
0.8000002606031327,0.0011518090070133154,False
0.8000018696568186,0.001149991523940155,False
0.8000002606031327,0.0011476394870219477,False
0.7999986515494467,0.001146142736255816,False
0.8000018696568186,0.0011447528962586933,False
0.8000002606031327,0.0011429354131855334,False
0.8000002606031327,0.001141224840881383,False
0.8000002606031327,0.0011399419116532692,False
0.8000002606031327,0.0011385520716561473,False
0.8000018696568186,0.0011371622316590246,False
0.8000002606031327,0.0011358793024309113,False
0.8000002606031327,0.0011342756408957706,False
0.8000002606031327,0.0011332065332056761,False
0.8000002606031327,0.0011319236039775628,False
0.8000018696568186,0.0011307475855184593,False
0.8000002606031327,0.0011295715670593554,False
0.8000002606031327,0.0011282886378312425,False
0.8000002606031327,0.0011272195301411485,False
0.8000018696568186,0.0011262573332200638,False
0.8000002606031327,0.0011252951362989787,False
0.8000002606031327,0.0011242260286088847,False
0.7999986515494467,0.0011233707424568094,False
0.8000018696568186,0.0011221947239977055,False
0.8000002606031327,0.0011213394378456303,False
0.8000002606031327,0.0011201634193865268,False
0.8000018696568186,0.0011195219547724703,False
0.8000002606031327,0.0011185597578513853,False
0.8000002606031327,0.0011178113824683198,False
0.8000002606031327,0.0011168491855472347,False
0.7999986515494467,0.001116100810164169,False
0.8000018696568186,0.001115352434781103,False
0.8000018696568186,0.0011143902378600184,False
0.7999986515494467,0.0011136418624769521,False
0.8000034787105046,0.0011132142194009145,False
0.7999970424957606,0.0011120382009418106,False
0.8000034787105046,0.0011113967363277541,False
0.8000002606031327,0.0011106483609446887,False
0.7999986515494467,0.0011100068963306319,False
0.8000018696568186,0.001109258520947566,False
0.8000002606031327,0.0011086170563335096,False
0.8000002606031327,0.0011078686809504437,False
0.8000002606031327,0.001107654859412425,False
0.8000002606031327,0.0011067995732603497,False
0.8000018696568186,0.0011061581086462932,False
0.8000002606031327,0.0011055166440322364,False
0.8000002606031327,0.0011049820901871893,False
0.8000002606031327,0.0011043406255731329,False
0.8000002606031327,0.001103699160959076,False
0.8000018696568186,0.0011029507855760102,False
0.8000002606031327,0.0011027369640379914,False
0.8000002606031327,0.001102095499423935,False
0.8000002606031327,0.001101347124040869,False
0.8000002606031327,0.0011004918378887938,False
0.8000002606031327,0.0011004918378887938,False
0.8000018696568186,0.0011000641948127562,False
0.7999986515494467,0.0010995296409677087,False
0.8000018696568186,0.0010988881763536523,False
0.8000002606031327,0.0010982467117395959,False
0.8000002606031327,0.0010977121578945488,False
0.8000002606031327,0.0010971776040495014,False
0.8000002606031327,0.0010968568717424736,False
0.8000018696568186,0.001096322317897426,False
0.8000002606031327,0.0010956808532833697,False
0.8000002606031327,0.001095253210207332,False
0.8000018696568186,0.0010948255671312944,False
0.7999986515494467,0.0010939702809792192,False
0.8000002606031327,0.0010936495486721905,False
0.8000018696568186,0.0010933288163651627,False
0.8000002606031327,0.001093008084058134,False
0.8000018696568186,0.0010925804409820964,False
0.7999986515494467,0.00109193897636804,False
