0.7999991941011775,0.00027169006613778773,False
0.800000790816689,0.0002719042110222074,False
0.7999991941011775,0.00027179713857999714,False
0.7999991941011775,0.0002719042110222074,False
0.800000790816689,0.0002722254283488365,False
0.7999991941011775,0.0002721183559066271,False
0.800000790816689,0.0002723325007910468,False
0.7999991941011775,0.0002722254283488365,False
0.7999991941011775,0.0002723325007910468,False
0.800000790816689,0.0002724395732332562,False
0.7999991941011775,0.0002723325007910468,False
0.800000790816689,0.00027265371811767587,False
0.7999991941011775,0.00027265371811767587,False
0.7999991941011775,0.00027265371811767587,False
0.800000790816689,0.00027254664567546646,False
0.7999991941011775,0.00027265371811767587,False
0.7999991941011775,0.00027254664567546646,False
0.800000790816689,0.00027265371811767587,False
0.7999991941011775,0.00027265371811767587,False
0.7999991941011775,0.0002727607905598853,False
0.7999991941011775,0.00027265371811767587,False
0.800000790816689,0.0002727607905598853,False
0.800000790816689,0.00027297493544430496,False
0.7999991941011775,0.00027297493544430496,False
0.800000790816689,0.00027297493544430496,False
0.7999991941011775,0.00027297493544430496,False
0.7999991941011775,0.00027297493544430496,False
0.7999991941011775,0.00027297493544430496,False
0.800000790816689,0.00027297493544430496,False
0.7999991941011775,0.00027308200788651524,False
0.800000790816689,0.00027318908032872465,False
0.800000790816689,0.0002732961527709349,False
0.7999991941011775,0.0002732961527709349,False
0.7999991941011775,0.00027318908032872465,False
0.7999991941011775,0.0002735102976553546,False
0.800000790816689,0.00027340322521314433,False
0.7999991941011775,0.0002735102976553546,False
0.800000790816689,0.0002735102976553546,False
0.7999991941011775,0.000273617370097564,False
0.7999991941011775,0.0002737244425397743,False
0.7999991941011775,0.0002737244425397743,False
0.800000790816689,0.0002738315149819837,False
0.7999991941011775,0.0002738315149819837,False
0.7999991941011775,0.00027393858742419397,False
0.800000790816689,0.0002740456598664034,False
0.7999991941011775,0.00027415273230861365,False
0.800000790816689,0.00027415273230861365,False
0.7999991941011775,0.0002738315149819837,False
0.800000790816689,0.0002740456598664034,False
0.7999991941011775,0.0002740456598664034,False
0.800000790816689,0.00027415273230861365,False
0.7999975973856659,0.00027425980475082306,False
0.800000790816689,0.0002740456598664034,False
0.800000790816689,0.00027436687719303247,False
0.7999991941011775,0.00027436687719303247,False
0.7999991941011775,0.00027415273230861365,False
0.800000790816689,0.00027425980475082306,False
0.7999991941011775,0.00027436687719303247,False
0.7999991941011775,0.00027447394963524274,False
0.800000790816689,0.00027458102207745215,False
0.7999991941011775,0.00027458102207745215,False
0.7999991941011775,0.00027479516696187183,False
0.7999991941011775,0.00027458102207745215,False
0.800000790816689,0.00027479516696187183,False
0.800000790816689,0.0002746880945196624,False
0.7999991941011775,0.0002750093118462915,False
0.800000790816689,0.0002749022394040821,False
0.7999991941011775,0.0002750093118462915,False
0.7999991941011775,0.00027479516696187183,False
0.7999991941011775,0.0002750093118462915,False
0.800000790816689,0.00027479516696187183,False
0.7999991941011775,0.0002750093118462915,False
0.7999991941011775,0.0002749022394040821,False
0.800000790816689,0.00027479516696187183,False
0.7999991941011775,0.0002750093118462915,False
0.7999991941011775,0.0002751163842885018,False
0.800000790816689,0.0002749022394040821,False
0.7999991941011775,0.0002751163842885018,False
0.800000790816689,0.0002751163842885018,False
0.7999991941011775,0.0002754376016151309,False
0.800000790816689,0.0002753305291729215,False
0.7999991941011775,0.0002754376016151309,False
0.7999991941011775,0.0002753305291729215,False
0.800000790816689,0.0002753305291729215,False
0.7999991941011775,0.0002754376016151309,False
0.800000790816689,0.0002754376016151309,False
0.7999991941011775,0.00027554467405734116,False
0.800000790816689,0.00027554467405734116,False
0.7999975973856659,0.00027554467405734116,False
0.800000790816689,0.00027565174649955056,False
0.800000790816689,0.0002754376016151309,False
0.7999991941011775,0.00027554467405734116,False
0.7999991941011775,0.00027554467405734116,False
0.800000790816689,0.00027565174649955056,False
0.7999975973856659,0.00027565174649955056,False
0.800000790816689,0.00027565174649955056,False
0.800000790816689,0.00027575881894176084,False
0.7999991941011775,0.00027554467405734116,False
0.800000790816689,0.00027575881894176084,False
0.7999991941011775,0.00027565174649955056,False
0.800000790816689,0.00027586589138397025,False
0.7999991941011775,0.00027575881894176084,False
0.7999991941011775,0.00027586589138397025,False
0.7999991941011775,0.00027597296382617965,False
0.800000790816689,0.00027608003626838993,False
0.7999991941011775,0.00027586589138397025,False
0.7999991941011775,0.00027586589138397025,False
0.800000790816689,0.00027575881894176084,False
0.7999991941011775,0.000276401253595019,False
0.800000790816689,0.00027608003626838993,False
0.7999991941011775,0.00027608003626838993,False
0.800000790816689,0.00027618710871059934,False
0.7999991941011775,0.0002762941811528096,False
0.7999991941011775,0.00027597296382617965,False
0.7999991941011775,0.00027608003626838993,False
0.800000790816689,0.00027597296382617965,False
0.7999991941011775,0.00027618710871059934,False
0.800000790816689,0.00027608003626838993,False
0.7999991941011775,0.00027618710871059934,False
0.7999991941011775,0.00027618710871059934,False
0.800000790816689,0.0002762941811528096,False
0.800000790816689,0.00027650832603722843,False
0.7999975973856659,0.000276401253595019,False
0.800000790816689,0.000276401253595019,False
0.7999991941011775,0.0002762941811528096,False
0.800000790816689,0.000276401253595019,False
0.7999991941011775,0.000276401253595019,False
0.7999991941011775,0.00027650832603722843,False
0.800000790816689,0.00027650832603722843,False
0.7999991941011775,0.0002762941811528096,False
0.7999991941011775,0.00027650832603722843,False
0.800000790816689,0.000276401253595019,False
0.7999991941011775,0.00027650832603722843,False
0.800000790816689,0.00027650832603722843,False
0.7999991941011775,0.00027650832603722843,False
0.7999991941011775,0.0002766153984794387,False
0.7999991941011775,0.0002767224709216481,False
0.800000790816689,0.00027704368824827807,False
0.800000790816689,0.0002766153984794387,False
0.7999991941011775,0.0002767224709216481,False
0.7999991941011775,0.0002768295433638584,False
0.800000790816689,0.00027693661580606866,False
0.7999991941011775,0.0002768295433638584,False
0.7999991941011775,0.00027693661580606866,False
0.800000790816689,0.0002768295433638584,False
0.7999991941011775,0.00027704368824827807,False
0.800000790816689,0.00027693661580606866,False
0.7999991941011775,0.0002768295433638584,False
0.800000790816689,0.0002768295433638584,False
0.7999991941011775,0.00027704368824827807,False
0.7999991941011775,0.00027715076069048834,False
0.800000790816689,0.00027704368824827807,False
0.7999991941011775,0.00027715076069048834,False
0.7999991941011775,0.00027693661580606866,False
0.800000790816689,0.00027715076069048834,False
0.7999991941011775,0.00027704368824827807,False
0.7999991941011775,0.00027715076069048834,False
0.800000790816689,0.00027725783313269775,False
0.7999991941011775,0.00027715076069048834,False
0.800000790816689,0.00027725783313269775,False
0.7999991941011775,0.00027725783313269775,False
0.800000790816689,0.00027725783313269775,False
0.7999991941011775,0.00027725783313269775,False
0.7999991941011775,0.00027725783313269775,False
0.7999991941011775,0.00027715076069048834,False
0.7999991941011775,0.00027715076069048834,False
0.8000023875322005,0.000277364905574908,False
0.7999991941011775,0.00027725783313269775,False
0.7999991941011775,0.000277364905574908,False
0.800000790816689,0.000277364905574908,False
0.7999991941011775,0.00027725783313269775,False
0.7999991941011775,0.000277364905574908,False
0.800000790816689,0.00027747197801711743,False
0.7999991941011775,0.00027747197801711743,False
0.800000790816689,0.000277364905574908,False
0.7999991941011775,0.00027757905045932684,False
0.7999991941011775,0.00027757905045932684,False
0.7999991941011775,0.0002777931953437465,False
0.800000790816689,0.000277364905574908,False
0.7999991941011775,0.00027747197801711743,False
0.800000790816689,0.00027757905045932684,False
0.7999975973856659,0.000858848571105826,False
0.800000790816689,0.0007027637184744773,False
0.7999991941011775,0.0007028707909166871,False
0.7999991941011775,0.0007030849358011064,False
0.7999991941011775,0.0007031920082433167,False
0.800000790816689,0.0007035132255699458,False
0.800000790816689,0.0007034061531277364,False
0.7999991941011775,0.000703620298012156,False
0.7999991941011775,0.0007035132255699458,False
0.800000790816689,0.0007215013958611939,False
0.7999991941011775,0.000706404181509611,False
0.7999991941011775,0.0007066183263940307,False
0.7999991941011775,0.0007068324712784504,False
0.800000790816689,0.0007069395437206598,False
0.7999991941011775,0.0007069395437206598,False
0.800000790816689,0.0007068324712784504,False
0.7999991941011775,0.0007071536886050795,False
0.7999991941011775,0.0007070466161628697,False
0.800000790816689,0.0007072607610472893,False
0.7999991941011775,0.0007073678334894988,False
0.800000790816689,0.000707474905931709,False
0.7999991941011775,0.000707474905931709,False
0.800000790816689,0.0007075819783739184,False
0.7999991941011775,0.0007075819783739184,False
0.7999991941011775,0.0007075819783739184,False
0.800000790816689,0.0007076890508161287,False
0.7999991941011775,0.0007077961232583381,False
0.7999991941011775,0.0007083314854693873,False
0.800000790816689,0.0007084385579115967,False
0.800000790816689,0.0007084385579115967,False
0.7999991941011775,0.000708545630353807,False
0.7999991941011775,0.0007086527027960168,False
0.7999991941011775,0.000708545630353807,False
0.800000790816689,0.0007088668476804365,False
0.7999991941011775,0.0007088668476804365,False
0.7999991941011775,0.0007089739201226459,False
0.800000790816689,0.0007087597752382267,False
0.7999991941011775,0.0007088668476804365,False
0.7999991941011775,0.0007090809925648562,False
0.800000790816689,0.0007091880650070656,False
0.800000790816689,0.0007091880650070656,False
0.7999991941011775,0.0007092951374492759,False
0.7999991941011775,0.0007092951374492759,False
0.800000790816689,0.0007092951374492759,False
0.7999991941011775,0.0007094022098914853,False
0.7999991941011775,0.0007092951374492759,False
0.7999991941011775,0.0007094022098914853,False
0.800000790816689,0.0007092951374492759,False
0.7999991941011775,0.0007095092823336956,False
0.800000790816689,0.0007265338006450547,False
0.7999991941011775,0.0007088668476804365,False
0.7999991941011775,0.0007089739201226459,False
0.800000790816689,0.0007087597752382267,False
0.7999991941011775,0.0007089739201226459,False
0.800000790816689,0.0007089739201226459,False
0.7999991941011775,0.0007090809925648562,False
0.7999991941011775,0.0007090809925648562,False
0.800000790816689,0.0007090809925648562,False
0.7999991941011775,0.0007092951374492759,False
0.7999991941011775,0.0007092951374492759,False
0.800000790816689,0.0007094022098914853,False
0.7999991941011775,0.0007094022098914853,False
0.800000790816689,0.0007092951374492759,False
0.7999991941011775,0.0007091880650070656,False
0.800000790816689,0.000709616354775905,False
0.7999991941011775,0.000709616354775905,False
0.7999991941011775,0.0007098304996603247,False
0.800000790816689,0.0007099375721025345,False
0.7999991941011775,0.0007102587894291636,False
0.800000790816689,0.0007100446445447439,False
0.7999991941011775,0.0007100446445447439,False
0.800000790816689,0.0007102587894291636,False
0.7999975973856659,0.0007099375721025345,False
0.800000790816689,0.0007101517169869542,False
0.7999991941011775,0.0007100446445447439,False
0.800000790816689,0.0007101517169869542,False
0.7999991941011775,0.0007103658618713739,False
0.7999991941011775,0.0007103658618713739,False
0.7999991941011775,0.0007102587894291636,False
0.800000790816689,0.0007103658618713739,False
0.7999991941011775,0.0007104729343135833,False
0.800000790816689,0.0007103658618713739,False
0.7999991941011775,0.0007104729343135833,False
0.800000790816689,0.0007104729343135833,False
0.7999991941011775,0.0007105800067557936,False
0.7999991941011775,0.0007105800067557936,False
0.7999991941011775,0.0007106870791980034,False
0.800000790816689,0.0007106870791980034,False
0.800000790816689,0.0007278186699515724,False
0.7999991941011775,0.0007106870791980034,False
0.7999991941011775,0.0007107941516402128,False
0.800000790816689,0.0007109012240824231,False
0.7999991941011775,0.0007107941516402128,False
0.7999991941011775,0.0007110082965246325,False
0.800000790816689,0.0007107941516402128,False
0.7999991941011775,0.0007109012240824231,False
0.800000790816689,0.0007109012240824231,False
0.7999991941011775,0.0007109012240824231,False
0.7999991941011775,0.0007111153689668428,False
0.800000790816689,0.0007110082965246325,False
0.7999991941011775,0.0007112224414090522,False
0.7999991941011775,0.0007111153689668428,False
0.800000790816689,0.0007112224414090522,False
0.7999991941011775,0.0007111153689668428,False
0.800000790816689,0.0007112224414090522,False
0.7999991941011775,0.000711329513851262,False
0.7999991941011775,0.0007117578036201014,False
0.800000790816689,0.0007118648760623108,False
0.7999991941011775,0.0007117578036201014,False
0.7999991941011775,0.0007119719485045211,False
0.7999991941011775,0.0007117578036201014,False
0.800000790816689,0.0007119719485045211,False
0.800000790816689,0.0007118648760623108,False
0.7999991941011775,0.0007117578036201014,False
0.7999991941011775,0.0007119719485045211,False
0.800000790816689,0.0007117578036201014,False
0.7999991941011775,0.0007120790209467305,False
0.800000790816689,0.0007118648760623108,False
0.7999991941011775,0.0007117578036201014,False
0.7999991941011775,0.0007119719485045211,False
0.7999991941011775,0.0007119719485045211,False
0.800000790816689,0.0007119719485045211,False
0.800000790816689,0.0007121860933889407,False
0.7999991941011775,0.0007120790209467305,False
0.7999991941011775,0.0007122931658311502,False
0.800000790816689,0.0007126143831577797,False
0.7999991941011775,0.00071240023827336,False
0.7999991941011775,0.00071240023827336,False
0.800000790816689,0.0007288893943736708,False
0.7999991941011775,0.0007115436587356817,False
0.7999991941011775,0.0007115436587356817,False
0.800000790816689,0.0007115436587356817,False
0.7999991941011775,0.0007117578036201014,False
0.7999991941011775,0.0007116507311778911,False
0.800000790816689,0.0007115436587356817,False
0.7999991941011775,0.0007116507311778911,False
0.800000790816689,0.0007117578036201014,False
0.7999991941011775,0.0007116507311778911,False
0.7999991941011775,0.0007115436587356817,False
0.800000790816689,0.0007119719485045211,False
0.7999991941011775,0.0007116507311778911,False
0.800000790816689,0.0007118648760623108,False
0.7999991941011775,0.0007119719485045211,False
0.7999991941011775,0.0007116507311778911,False
0.800000790816689,0.0007120790209467305,False
0.7999991941011775,0.0007120790209467305,False
0.7999991941011775,0.0007122931658311502,False
0.800000790816689,0.0007122931658311502,False
0.7999991941011775,0.0007122931658311502,False
0.7999991941011775,0.00071240023827336,False
0.800000790816689,0.0007121860933889407,False
0.800000790816689,0.0007121860933889407,False
0.7999975973856659,0.0007122931658311502,False
0.800000790816689,0.00071240023827336,False
0.7999991941011775,0.0007122931658311502,False
0.800000790816689,0.0007122931658311502,False
0.7999991941011775,0.0007125073107155698,False
0.800000790816689,0.00071240023827336,False
0.7999991941011775,0.0007121860933889407,False
0.800000790816689,0.0007125073107155698,False
0.7999991941011775,0.0007125073107155698,False
0.7999991941011775,0.0007125073107155698,False
0.7999991941011775,0.0007126143831577797,False
0.800000790816689,0.0007127214555999891,False
0.800000790816689,0.0007126143831577797,False
0.7999991941011775,0.0007299601187957688,False
0.7999991941011775,0.0007127214555999891,False
0.800000790816689,0.0007127214555999891,False
0.7999991941011775,0.0007128285280421994,False
0.7999991941011775,0.0007126143831577797,False
0.800000790816689,0.0007128285280421994,False
0.7999991941011775,0.0007126143831577797,False
0.7999991941011775,0.0007127214555999891,False
0.800000790816689,0.0007127214555999891,False
0.800000790816689,0.0007128285280421994,False
0.7999975973856659,0.000713042672926619,False
0.800000790816689,0.0007128285280421994,False
0.800000790816689,0.0007129356004844092,False
0.7999991941011775,0.0007129356004844092,False
0.7999991941011775,0.0007127214555999891,False
0.800000790816689,0.0007128285280421994,False
0.7999991941011775,0.0007131497453688289,False
0.7999991941011775,0.0007129356004844092,False
0.7999991941011775,0.0007131497453688289,False
0.800000790816689,0.0007131497453688289,False
0.7999991941011775,0.0007132568178110383,False
0.800000790816689,0.0007132568178110383,False
0.7999991941011775,0.0007132568178110383,False
0.7999991941011775,0.0007132568178110383,False
0.800000790816689,0.0007131497453688289,False
0.7999991941011775,0.0007132568178110383,False
0.800000790816689,0.000713470962695458,False
0.7999991941011775,0.0007133638902532486,False
0.7999991941011775,0.000713470962695458,False
0.800000790816689,0.0007133638902532486,False
0.7999991941011775,0.0007135780351376683,False
0.7999991941011775,0.0007133638902532486,False
0.800000790816689,0.0007133638902532486,False
0.7999991941011775,0.000713470962695458,False
0.800000790816689,0.000713470962695458,False
0.7999991941011775,0.0007135780351376683,False
0.7999991941011775,0.000713470962695458,False
0.800000790816689,0.0007135780351376683,False
0.7999991941011775,0.0007136851075798777,False
0.7999991941011775,0.0007135780351376683,False
0.800000790816689,0.0007307096258912377,False
0.7999991941011775,0.0007133638902532486,False
0.800000790816689,0.000713470962695458,False
0.7999991941011775,0.0007133638902532486,False
0.7999991941011775,0.000713470962695458,False
0.800000790816689,0.000713470962695458,False
0.7999991941011775,0.000713470962695458,False
0.7999991941011775,0.0007133638902532486,False
0.800000790816689,0.000713470962695458,False
0.7999991941011775,0.0007135780351376683,False
0.7999991941011775,0.000713470962695458,False
0.800000790816689,0.000713470962695458,False
0.7999991941011775,0.0007133638902532486,False
0.800000790816689,0.0007135780351376683,False
0.7999991941011775,0.0007133638902532486,False
0.7999991941011775,0.0007136851075798777,False
0.800000790816689,0.000713470962695458,False
0.7999991941011775,0.0007135780351376683,False
0.7999991941011775,0.0007138992524642973,False
0.800000790816689,0.0007137921800220879,False
0.7999991941011775,0.0007140063249065072,False
0.800000790816689,0.0007140063249065072,False
0.7999991941011775,0.000714113397348717,False
0.800000790816689,0.000714113397348717,False
0.7999991941011775,0.000714113397348717,False
0.7999991941011775,0.0007142204697909269,False
0.7999991941011775,0.000714113397348717,False
0.800000790816689,0.000714113397348717,False
0.800000790816689,0.0007142204697909269,False
0.7999991941011775,0.0007142204697909269,False
0.7999991941011775,0.0007142204697909269,False
0.7999991941011775,0.0007142204697909269,False
0.800000790816689,0.000714113397348717,False
0.7999991941011775,0.0007143275422331363,False
0.800000790816689,0.0007143275422331363,False
0.7999991941011775,0.0007142204697909269,False
0.7999991941011775,0.0007143275422331363,False
0.800000790816689,0.000714541687117556,False
0.7999991941011775,0.0007143275422331363,False
0.7999991941011775,0.0007311379156600766,False
0.800000790816689,0.0007140063249065072,False
0.800000790816689,0.0007142204697909269,False
0.7999991941011775,0.0007138992524642973,False
0.7999991941011775,0.000714113397348717,False
0.800000790816689,0.0007140063249065072,False
0.7999991941011775,0.000714113397348717,False
0.7999991941011775,0.000714113397348717,False
0.800000790816689,0.0007140063249065072,False
0.7999991941011775,0.0007143275422331363,False
0.800000790816689,0.0007144346146753465,False
0.7999991941011775,0.0007142204697909269,False
0.7999991941011775,0.0007142204697909269,False
0.7999991941011775,0.000714113397348717,False
0.800000790816689,0.0007144346146753465,False
0.7999991941011775,0.0007142204697909269,False
0.800000790816689,0.0007142204697909269,False
0.7999991941011775,0.0007142204697909269,False
0.7999991941011775,0.0007144346146753465,False
0.800000790816689,0.000714541687117556,False
0.7999991941011775,0.0007144346146753465,False
0.800000790816689,0.0007147558320019756,False
0.7999991941011775,0.0007146487595597662,False
0.7999991941011775,0.0007144346146753465,False
0.800000790816689,0.0007148629044441855,False
0.7999991941011775,0.0007147558320019756,False
0.800000790816689,0.0007146487595597662,False
0.7999975973856659,0.0007149699768863958,False
0.8000023875322005,0.0007148629044441855,False
0.7999991941011775,0.0007147558320019756,False
0.7999991941011775,0.0007148629044441855,False
0.7999991941011775,0.0007149699768863958,False
0.800000790816689,0.0007149699768863958,False
0.7999991941011775,0.0007149699768863958,False
0.7999991941011775,0.0007150770493286052,False
0.800000790816689,0.0007149699768863958,False
0.7999991941011775,0.0007151841217708154,False
0.800000790816689,0.0007149699768863958,False
0.7999991941011775,0.0007151841217708154,False
0.7999991941011775,0.0007319944951977549,False
0.800000790816689,0.0007149699768863958,False
0.7999991941011775,0.0007148629044441855,False
0.7999991941011775,0.0007149699768863958,False
0.800000790816689,0.0007148629044441855,False
0.7999991941011775,0.0007151841217708154,False
0.800000790816689,0.0007148629044441855,False
0.7999991941011775,0.0007148629044441855,False
0.7999991941011775,0.0007149699768863958,False
0.7999991941011775,0.0007150770493286052,False
0.800000790816689,0.0007150770493286052,False
0.800000790816689,0.0007149699768863958,False
0.7999991941011775,0.0007150770493286052,False
0.7999991941011775,0.0007148629044441855,False
0.800000790816689,0.0007148629044441855,False
0.7999991941011775,0.0007150770493286052,False
0.7999991941011775,0.0007149699768863958,False
0.800000790816689,0.0007150770493286052,False
0.7999991941011775,0.0007150770493286052,False
0.800000790816689,0.0007153982666552351,False
0.7999991941011775,0.0007152911942130248,False
0.800000790816689,0.0007152911942130248,False
0.7999991941011775,0.0007152911942130248,False
0.7999991941011775,0.0007153982666552351,False
0.7999991941011775,0.0007155053390974445,False
0.800000790816689,0.0007155053390974445,False
0.7999991941011775,0.0007153982666552351,False
0.7999991941011775,0.0007155053390974445,False
0.800000790816689,0.0007155053390974445,False
0.7999991941011775,0.0007156124115396544,False
0.800000790816689,0.0007157194839818642,False
0.7999991941011775,0.0007155053390974445,False
0.800000790816689,0.0007155053390974445,False
0.7999991941011775,0.0007157194839818642,False
0.7999991941011775,0.0007156124115396544,False
0.800000790816689,0.0007156124115396544,False
0.7999991941011775,0.0007156124115396544,False
0.7999991941011775,0.0007157194839818642,False
0.7999991941011775,0.0007155053390974445,False
0.800000790816689,0.000732636929851014,False
0.800000790816689,0.0007151841217708154,False
0.7999991941011775,0.0007152911942130248,False
0.7999991941011775,0.0007151841217708154,False
0.7999991941011775,0.0007152911942130248,False
0.800000790816689,0.0007150770493286052,False
0.7999991941011775,0.0007151841217708154,False
0.800000790816689,0.0007152911942130248,False
0.7999991941011775,0.0007152911942130248,False
0.800000790816689,0.0007152911942130248,False
0.7999991941011775,0.0007152911942130248,False
0.7999991941011775,0.0007152911942130248,False
0.7999991941011775,0.0007151841217708154,False
0.800000790816689,0.0007151841217708154,False
0.7999991941011775,0.0007152911942130248,False
0.800000790816689,0.0007153982666552351,False
0.7999991941011775,0.0007152911942130248,False
0.7999991941011775,0.0007153982666552351,False
0.800000790816689,0.0007155053390974445,False
0.7999991941011775,0.0007153982666552351,False
0.800000790816689,0.0007153982666552351,False
0.7999991941011775,0.0007153982666552351,False
0.7999991941011775,0.0007155053390974445,False
0.800000790816689,0.0007153982666552351,False
0.800000790816689,0.0007153982666552351,False
0.7999975973856659,0.0007152911942130248,False
0.800000790816689,0.0007155053390974445,False
0.7999991941011775,0.0007152911942130248,False
0.800000790816689,0.0007153982666552351,False
0.7999991941011775,0.0007153982666552351,False
0.800000790816689,0.0007153982666552351,False
0.7999991941011775,0.0007155053390974445,False
0.7999991941011775,0.0007156124115396544,False
0.7999991941011775,0.0007153982666552351,False
0.800000790816689,0.0007157194839818642,False
0.7999991941011775,0.0007156124115396544,False
0.800000790816689,0.0007157194839818642,False
0.7999991941011775,0.0007157194839818642,False
0.7999991941011775,0.000715826556424074,False
0.7999991941011775,0.0007157194839818642,False
0.800000790816689,0.0007333864369464828,False
0.800000790816689,0.0007163619186351228,False
0.7999991941011775,0.0007164689910773331,False
0.7999991941011775,0.0007164689910773331,False
0.800000790816689,0.0007165760635195425,False
0.7999991941011775,0.0007163619186351228,False
0.7999991941011775,0.0007164689910773331,False
0.800000790816689,0.0007163619186351228,False
0.7999991941011775,0.0007163619186351228,False
0.800000790816689,0.0007165760635195425,False
0.7999991941011775,0.0007164689910773331,False
0.800000790816689,0.0007164689910773331,False
0.7999991941011775,0.0007165760635195425,False
0.7999991941011775,0.0007164689910773331,False
0.7999991941011775,0.0007165760635195425,False
0.800000790816689,0.0007165760635195425,False
0.7999991941011775,0.0007164689910773331,False
0.800000790816689,0.0007166831359617524,False
0.7999991941011775,0.0007170043532883814,False
0.7999991941011775,0.0007170043532883814,False
0.800000790816689,0.000716897280846172,False
0.7999991941011775,0.0007170043532883814,False
0.7999991941011775,0.0007171114257305917,False
0.800000790816689,0.000716897280846172,False
0.7999991941011775,0.000716897280846172,False
0.800000790816689,0.0007170043532883814,False
0.7999991941011775,0.0007170043532883814,False
0.800000790816689,0.0007171114257305917,False
0.7999991941011775,0.0007172184981728016,False
0.7999991941011775,0.0007172184981728016,False
0.800000790816689,0.0007172184981728016,False
0.7999991941011775,0.0007171114257305917,False
0.7999991941011775,0.0007171114257305917,False
0.7999991941011775,0.0007171114257305917,False
0.800000790816689,0.0007172184981728016,False
0.7999991941011775,0.0007172184981728016,False
0.800000790816689,0.0007173255706150114,False
0.7999991941011775,0.0007172184981728016,False
0.800000790816689,0.0007172184981728016,False
0.7999991941011775,0.0007170043532883814,False
0.7999991941011775,0.0007171114257305917,False
0.800000790816689,0.0007170043532883814,False
0.7999991941011775,0.000716897280846172,False
0.7999991941011775,0.0007173255706150114,False
0.800000790816689,0.0007171114257305917,False
0.800000790816689,0.0007174326430572212,False
0.7999975973856659,0.0007174326430572212,False
0.800000790816689,0.0007174326430572212,False
0.7999991941011775,0.0007173255706150114,False
0.800000790816689,0.0007176467879416409,False
0.7999991941011775,0.0007175397154994306,False
0.800000790816689,0.0007175397154994306,False
0.7999991941011775,0.0007174326430572212,False
0.7999991941011775,0.0007175397154994306,False
0.800000790816689,0.0007174326430572212,False
0.7999991941011775,0.0007174326430572212,False
0.800000790816689,0.0007176467879416409,False
0.7999991941011775,0.0007176467879416409,False
0.7999991941011775,0.0007175397154994306,False
0.7999991941011775,0.0007175397154994306,False
0.800000790816689,0.0007173255706150114,False
0.7999991941011775,0.0007175397154994306,False
0.7999991941011775,0.0007174326430572212,False
0.8000023875322005,0.0007173255706150114,False
0.7999991941011775,0.0007173255706150114,False
0.7999991941011775,0.0007175397154994306,False
0.7999991941011775,0.0007173255706150114,False
0.800000790816689,0.0007174326430572212,False
0.7999991941011775,0.0007174326430572212,False
0.7999991941011775,0.0007175397154994306,False
0.800000790816689,0.0007175397154994306,False
0.7999991941011775,0.0007176467879416409,False
0.800000790816689,0.0007176467879416409,False
0.7999991941011775,0.0007177538603838503,False
0.7999991941011775,0.0007174326430572212,False
0.800000790816689,0.0007177538603838503,False
0.7999991941011775,0.0007175397154994306,False
0.7999991941011775,0.0007175397154994306,False
0.800000790816689,0.0007174326430572212,False
0.7999991941011775,0.0007176467879416409,False
0.800000790816689,0.0007174326430572212,False
0.7999991941011775,0.0007176467879416409,False
0.7999991941011775,0.0007176467879416409,False
0.800000790816689,0.0007177538603838503,False
0.7999991941011775,0.0007177538603838503,False
0.7999991941011775,0.0007176467879416409,False
0.800000790816689,0.0007176467879416409,False
0.7999991941011775,0.0007176467879416409,False
0.7999991941011775,0.0007177538603838503,False
0.7999991941011775,0.0007176467879416409,False
0.8000023875322005,0.0007178609328260606,False
0.7999991941011775,0.0007175397154994306,False
0.7999991941011775,0.0007177538603838503,False
0.800000790816689,0.0007176467879416409,False
0.7999991941011775,0.0007176467879416409,False
0.7999991941011775,0.0007176467879416409,False
0.800000790816689,0.0007177538603838503,False
0.7999991941011775,0.0007176467879416409,False
0.7999991941011775,0.0007176467879416409,False
0.800000790816689,0.0007176467879416409,False
0.800000790816689,0.0007176467879416409,False
0.7999975973856659,0.0007176467879416409,False
0.800000790816689,0.0007177538603838503,False
0.7999991941011775,0.0007176467879416409,False
0.800000790816689,0.0007177538603838503,False
0.7999991941011775,0.0007177538603838503,False
0.7999991941011775,0.0007177538603838503,False
0.800000790816689,0.0007176467879416409,False
0.7999991941011775,0.0007176467879416409,False
0.800000790816689,0.00071796800526827,False
0.7999991941011775,0.00071796800526827,False
0.7999991941011775,0.0007177538603838503,False
0.800000790816689,0.0007177538603838503,False
0.7999991941011775,0.0007177538603838503,False
0.7999991941011775,0.0007178609328260606,False
0.800000790816689,0.0007178609328260606,False
0.7999991941011775,0.0007178609328260606,False
0.800000790816689,0.0007178609328260606,False
0.7999991941011775,0.0007178609328260606,False
0.7999991941011775,0.0007178609328260606,False
0.800000790816689,0.0007178609328260606,False
0.7999991941011775,0.0007176467879416409,False
0.7999991941011775,0.00071796800526827,False
0.800000790816689,0.0007177538603838503,False
0.7999991941011775,0.0007178609328260606,False
0.800000790816689,0.0007178609328260606,False
0.7999991941011775,0.00071796800526827,False
0.800000790816689,0.00071796800526827,False
0.7999991941011775,0.0007178609328260606,False
0.7999991941011775,0.0007178609328260606,False
0.800000790816689,0.00071796800526827,False
0.7999991941011775,0.0007180750777104803,False
0.7999991941011775,0.0007180750777104803,False
0.800000790816689,0.00071796800526827,False
0.7999991941011775,0.00071796800526827,False
0.7999991941011775,0.0007181821501526897,False
0.800000790816689,0.0007178609328260606,False
0.7999991941011775,0.0007177538603838503,False
0.7999991941011775,0.0007178609328260606,False
0.800000790816689,0.0007178609328260606,False
0.7999991941011775,0.0007177538603838503,False
0.800000790816689,0.0007178609328260606,False
0.7999991941011775,0.00071796800526827,False
0.7999991941011775,0.00071796800526827,False
0.800000790816689,0.00071796800526827,False
0.7999991941011775,0.00071796800526827,False
0.800000790816689,0.0007180750777104803,False
0.7999991941011775,0.0007177538603838503,False
0.800000790816689,0.00071796800526827,False
0.7999991941011775,0.00071796800526827,False
0.7999991941011775,0.00071796800526827,False
0.800000790816689,0.00071796800526827,False
0.7999991941011775,0.0007180750777104803,False
0.7999991941011775,0.0007182892225948995,False
0.800000790816689,0.0007181821501526897,False
0.7999991941011775,0.0007181821501526897,False
0.7999991941011775,0.0007180750777104803,False
0.7999991941011775,0.00071796800526827,False
0.800000790816689,0.0007180750777104803,False
0.800000790816689,0.0007180750777104803,False
0.7999991941011775,0.0007181821501526897,False
0.7999991941011775,0.0007180750777104803,False
0.800000790816689,0.0007181821501526897,False
0.7999991941011775,0.0007183962950371094,False
0.7999991941011775,0.0007180750777104803,False
0.800000790816689,0.0007181821501526897,False
0.7999991941011775,0.0007180750777104803,False
0.800000790816689,0.0007182892225948995,False
0.7999991941011775,0.0007183962950371094,False
0.7999991941011775,0.0007180750777104803,False
0.800000790816689,0.0007181821501526897,False
0.7999991941011775,0.0007182892225948995,False
0.7999991941011775,0.0007181821501526897,False
0.800000790816689,0.0007180750777104803,False
0.7999991941011775,0.0007181821501526897,False
0.7999991941011775,0.0007181821501526897,False
0.800000790816689,0.0007181821501526897,False
0.7999991941011775,0.0007182892225948995,False
0.800000790816689,0.0007170043532883814,False
0.800000790816689,0.0002514533745601342,False
0.7999991941011775,0.0002509180123490846,False
0.800000790816689,0.0002507038674646649,False
0.7999991941011775,0.0002500614328114067,False
0.800000790816689,0.00024952607060035707,False
0.7999991941011775,0.0002493119257159374,False
0.7999991941011775,0.000248883635947098,False
0.800000790816689,0.0002484553461782595,False
0.7999991941011775,0.00024813412885162957,False
0.7999991941011775,0.0002478129115250005,False
0.800000790816689,0.0002475987666405808,False
0.7999991941011775,0.00024727754931395084,False
0.7999991941011775,0.00024695633198732175,False
0.800000790816689,0.00024674218710290206,False
0.7999991941011775,0.0002463138973340627,False
0.800000790816689,0.0002462068248918533,False
0.7999991941011775,0.0002459926800074336,False
0.800000790816689,0.00024567146268080365,False
0.7999991941011775,0.00024556439023859424,False
0.7999991941011775,0.0002451361004697549,False
0.7999991941011775,0.00024502902802754547,False
0.800000790816689,0.0002448148831431258,False
0.800000790816689,0.0002446007382587061,False
0.7999991941011775,0.00024427952093207615,False
0.7999991941011775,0.00024427952093207615,False
0.7999991941011775,0.00024395830360544705,False
0.800000790816689,0.00024363708627881796,False
0.7999991941011775,0.00024342294139439828,False
0.800000790816689,0.00024331586895218887,False
0.7999991941011775,0.00024331586895218887,False
0.800000790816689,0.00024299465162555892,False
0.7999991941011775,0.00024278050674113923,False
0.7999991941011775,0.00024278050674113923,False
0.7999991941011775,0.00024235221697229987,False
0.800000790816689,0.00024235221697229987,False
0.800000790816689,0.00024213807208788019,False
0.7999991941011775,0.0002419239272034605,False
0.7999991941011775,0.0002417097823190417,False
0.800000790816689,0.0002417097823190417,False
0.7999991941011775,0.0002416027098768314,False
0.7999991941011775,0.00024128149255020232,False
0.7999991941011775,0.00024128149255020232,False
0.800000790816689,0.00024106734766578264,False
0.800000790816689,0.00024085320278136296,False
0.7999975973856659,0.00024085320278136296,False
0.800000790816689,0.00024063905789694327,False
0.800000790816689,0.000240531985454733,False
0.7999991941011775,0.000240531985454733,False
0.7999991941011775,0.00024031784057031332,False
0.7999991941011775,0.0002402107681281039,False
0.800000790816689,0.00023988955080147482,False
0.7999991941011775,0.00023988955080147482,False
0.800000790816689,0.00023978247835926454,False
0.7999991941011775,0.00023956833347484486,False
0.7999991941011775,0.00023956833347484486,False
0.800000790816689,0.00023935418859042518,False
0.7999991941011775,0.00023935418859042518,False
0.800000790816689,0.00023924711614821577,False
0.800000790816689,0.00023924711614821577,False
0.7999991941011775,0.0002389258988215858,False
0.7999991941011775,0.0002389258988215858,False
0.7999991941011775,0.0002388188263793764,False
0.7999991941011775,0.0002388188263793764,False
0.800000790816689,0.00023860468149495672,False
0.7999991941011775,0.00023828346416832763,False
0.800000790816689,0.00023839053661053704,False
0.7999991941011775,0.00023828346416832763,False
0.7999991941011775,0.00023828346416832763,False
0.800000790816689,0.00023806931928390795,False
0.7999991941011775,0.00023796224684169767,False
0.800000790816689,0.00023785517439948826,False
0.7999991941011775,0.0002375339570728583,False
0.7999991941011775,0.00023764102951506858,False
0.800000790816689,0.0002375339570728583,False
0.7999991941011775,0.00023764102951506858,False
0.7999991941011775,0.00023731981218843862,False
0.800000790816689,0.00023731981218843862,False
