0x1c04e940:	0x06060607	0x04060606	0x06060606	0x06060606
0x1c04e950:	0x06060606	0x06060706	0x06060606	0x07070606
0x1c04e960:	0x06060506	0x06060606	0x05060605	0x05060606
0x1c04e970:	0x06060606	0x06060606	0x06070506	0x06070606
0x1c04e980:	0x05050606	0x06060606	0x06040605	0x06060606
0x1c04e990:	0x06060606	0x06060606	0x06050606	0x05060606
0x1c04e9a0:	0x06060505	0x06060606	0x06060606	0x06060606
0x1c04e9b0:	0x06060706	0x06060606	0x05060607	0x06060606
0x1c04e9c0:	0x04060606	0x06060406	0x05060606	0x06060606
0x1c04e9d0:	0x06060506	0x06060606	0x06060606	0x06060606
0x1c04e9e0:	0x06060506	0x06060604	0x06060606	0x07060406
0x1c04e9f0:	0x06060606	0x06060606	0x06060606	0x06060606
0x1c04ea00:	0x06060606	0x06060606	0x06060606	0x04060606
0x1c04ea10:	0x05060606	0x04060406	0x06060606	0x06060606
0x1c04ea20:	0x04050606	0x06060605	0x06050606	0x05050606
0x1c04ea30:	0x06060506	0x06060606	0x06060606	0x06060606
0x1c04ea40:	0x06060606	0x06060604	0x06060606	0x07060606
0x1c04ea50:	0x06060606	0x05060606	0x06060606	0x06060605
0x1c04ea60:	0x06060606	0x06060506	0x06060506	0x05060506
0x1c04ea70:	0x06060606	0x06060606	0x06060606	0x06060606
0x1c04ea80:	0x06060506	0x06050605	0x06060506	0x05060506
0x1c04ea90:	0x05060606	0x06060606	0x06050606	0x06070605
0x1c04eaa0:	0x05050406	0x06060606	0x06060605	0x06060606
0x1c04eab0:	0x06060706	0x06060506	0x06060606	0x05050506
0x1c04eac0:	0x06060606	0x06060606	0x06050606	0x06050606
0x1c04ead0:	0x06060605	0x06060606	0x05060606	0x06060606
0x1c04eae0:	0x05060506	0x06050606	0x06060606	0x06050606
0x1c04eaf0:	0x06060605	0x06060606	0x06060606	0x06060606
0x1c04eb00:	0x05060606	0x06060606	0x06060606	0x06060606
0x1c04eb10:	0x06060606	0x04050506	0x05060606	0x06060606
0x1c04eb20:	0x05060606	0x06060605	0x05060504	0x05060605
0x1c04eb30:	0x05060506	0x06060606	0x06060606	0x06060606
