0x1c04e940:	0xeeeceeee	0xecececec	0xececeeec	0xecececec
0x1c04e950:	0xeeeeeeec	0xeeecedec	0xecececec	0xeeececec
0x1c04e960:	0xefecedee	0xeeeceeec	0xeceeedec	0xecececee
0x1c04e970:	0xeeeceeec	0xecececec	0xeeeeecec	0xecececec
0x1c04e980:	0xeeeceeed	0xeeececec	0xeeeceeec	0xeeeceeec
0x1c04e990:	0xececeeec	0xecececec	0xececeeec	0xecececec
0x1c04e9a0:	0xeeeeecec	0xeeedecec	0xeeecedec	0xeeeceeec
0x1c04e9b0:	0xeceeeeec	0xedededec	0xececedee	0xeeececec
0x1c04e9c0:	0xeeeceeec	0xecececee	0xececedec	0xecececec
0x1c04e9d0:	0xeeedecec	0xeeecedec	0xeeeeeeec	0xecececec
0x1c04e9e0:	0xeeedecee	0xeeedeeec	0xeeeceeec	0xeeececec
0x1c04e9f0:	0xecececec	0xedececec	0xecececec	0xecececec
0x1c04ea00:	0xeeececec	0xeeedeeec	0xedeceeec	0xecececee
0x1c04ea10:	0xecedeeec	0xecececec	0xedeceeec	0xecececec
0x1c04ea20:	0xececeeec	0xeeeceeec	0xedeceeec	0xececedec
0x1c04ea30:	0xedececec	0xeeecedec	0xeeecedec	0xedececec
0x1c04ea40:	0xeeedeeec	0xededeeec	0xeeeeeeed	0xeeeceeed
0x1c04ea50:	0xedeceeec	0xecececec	0xecececec	0xedecedec
0x1c04ea60:	0xeeeceded	0xedeeeded	0xececedec	0xecececec
0x1c04ea70:	0xeeececec	0xecececec	0xeeececec	0xecececec
0x1c04ea80:	0xeeededec	0xeeeceeec	0xeeedeced	0xedededed
0x1c04ea90:	0xecececec	0xecececec	0xecececec	0xecececec
0x1c04eaa0:	0xeeececec	0xeeeeedec	0xeeedeeed	0xeeeeedec
0x1c04eab0:	0xececeeec	0xedecedec	0xececeeec	0xecececec
0x1c04eac0:	0xeeeceeec	0xeeeeeeee	0xeeeceeec	0xeeeceeed
0x1c04ead0:	0xececedec	0xedececec	0xecececec	0xeeececec
0x1c04eae0:	0xeeececed	0xedeceded	0xedeeeded	0xedeceeec
0x1c04eaf0:	0xedeceeec	0xeeecedec	0xedecedec	0xecececec
0x1c04eb00:	0xeeededed	0xedeceeec	0xeeeeeeee	0xeeededed
0x1c04eb10:	0xeeecedec	0xecececec	0xecececec	0xedececec
0x1c04eb20:	0xedededec	0xeeededec	0xedededec	0xececeeec
0x1c04eb30:	0xedeeecec	0xecececec	0xedecedec	0xecececec
