0x1c04e940:	0xfaf9fbfb	0xf9f9fbf9	0xf9fbfbf9	0xfaf9fbfa
0x1c04e950:	0xfbfbf9fb	0xfaf9fbfa	0xf9f9faf9	0xfbfbfbf9
0x1c04e960:	0xfbfbf9fb	0xfbfbf9f9	0xfafbfaf9	0xf9f9fafb
0x1c04e970:	0xfafbfbf9	0xfbf9faf9	0xfbfbf9f9	0xf9fbf9fa
0x1c04e980:	0xf9f9fbfb	0xf9f9faf9	0xfbf8fbf9	0xfbf9fbfa
0x1c04e990:	0xfbf9fbfa	0xfafbf9fb	0xf9f9fbfa	0xf9f9fafa
0x1c04e9a0:	0xfbfbf9f9	0xfbfbf9fb	0xfbf9fbfb	0xfbfaf9fa
0x1c04e9b0:	0xfbfbfcf9	0xfafbfbfb	0xf9f9fafb	0xfbfbf9fb
0x1c04e9c0:	0xfafbfbf9	0xf9faf9fb	0xf9f9faf9	0xf9f9fbfa
0x1c04e9d0:	0xfbfbfafb	0xfbf9fafa	0xf9fbfbf9	0xfaf9f9f9
0x1c04e9e0:	0xfbfafafb	0xfbfbfbf9	0xfbfbfbfa	0xfbfaf9f9
0x1c04e9f0:	0xfbfaf9f9	0xfafbf9f9	0xf9fafaf9	0xf9f9f9f9
0x1c04ea00:	0xfbfbf9fa	0xfbfbfbfa	0xfaf9fbfb	0xf9f9fafb
0x1c04ea10:	0xfafbfbfb	0xf9faf9fa	0xfbfafbfa	0xfafbfafb
0x1c04ea20:	0xf9f9fbf9	0xfbf9fbf9	0xfaf9fbfa	0xf9f9fafb
0x1c04ea30:	0xfaf9f9fa	0xfbfbfafa	0xfbf9fbf9	0xfbf9f9fa
0x1c04ea40:	0xfbfbfafa	0xfbfbfbf9	0xfbfbfbfb	0xfcfbfbfb
0x1c04ea50:	0xfafafaf9	0xf9fafafb	0xfbf9faf9	0xfbfbfafa
0x1c04ea60:	0xfbf9fafa	0xfbfbfafa	0xfafafafa	0xf9f9f9f9
0x1c04ea70:	0xfbfbfbfa	0xfafafbfb	0xfbf9fafa	0xfafafafb
0x1c04ea80:	0xfbfafafa	0xfbfafbf9	0xfbfbfafa	0xfafafafb
0x1c04ea90:	0xfafafafa	0xf9fafaf9	0xfaf9fbf9	0xfbfbfafa
0x1c04eaa0:	0xfaf9fafa	0xfbfbfbfb	0xfbfbfbfa	0xfbfafafa
0x1c04eab0:	0xfafbfbfa	0xfafafafa	0xfaf9fbfa	0xfafafafb
0x1c04eac0:	0xfbfafbfa	0xfafafbfb	0xfbfafbfb	0xfafafbfa
0x1c04ead0:	0xfbf9faf9	0xfbf9fbfa	0xfafafafa	0xfbfaf9f9
0x1c04eae0:	0xfbfaf9fa	0xfbf9fbfb	0xfbfbfafa	0xfaf9fbf9
0x1c04eaf0:	0xfafafbf9	0xfbfafaf9	0xfafafaf9	0xfbf9fafa
0x1c04eb00:	0xfafafafb	0xfafafbfa	0xfbfafbfb	0xfbfbfafb
0x1c04eb10:	0xfbfafafa	0xf9faf9fa	0xf9f9fafa	0xfafafbfa
0x1c04eb20:	0xfafafafa	0xfbfafbf9	0xfafbfaf9	0xfafafbf9
0x1c04eb30:	0xfafbfafa	0xfafafafa	0xfafafaf9	0xfafafafa
